(kicad_pcb (version 20171130) (host pcbnew 5.0.2-bee76a0~70~ubuntu18.04.1)

  (general
    (thickness 1.6)
    (drawings 4)
    (tracks 160)
    (zones 0)
    (modules 58)
    (nets 48)
  )

  (page A4)
  (layers
    (0 F.Cu signal)
    (1 In1.Cu power)
    (2 In2.Cu power)
    (31 B.Cu signal)
    (32 B.Adhes user)
    (33 F.Adhes user)
    (34 B.Paste user)
    (35 F.Paste user)
    (36 B.SilkS user)
    (37 F.SilkS user)
    (38 B.Mask user)
    (39 F.Mask user)
    (40 Dwgs.User user)
    (41 Cmts.User user)
    (42 Eco1.User user)
    (43 Eco2.User user)
    (44 Edge.Cuts user)
    (45 Margin user)
    (46 B.CrtYd user)
    (47 F.CrtYd user)
    (48 B.Fab user)
    (49 F.Fab user hide)
  )

  (setup
    (last_trace_width 0.25)
    (user_trace_width 0.25)
    (user_trace_width 0.35)
    (trace_clearance 0.2)
    (zone_clearance 0.508)
    (zone_45_only no)
    (trace_min 0.2)
    (segment_width 0.2)
    (edge_width 0.15)
    (via_size 0.8)
    (via_drill 0.4)
    (via_min_size 0.4)
    (via_min_drill 0.3)
    (uvia_size 0.3)
    (uvia_drill 0.1)
    (uvias_allowed no)
    (uvia_min_size 0.2)
    (uvia_min_drill 0.1)
    (pcb_text_width 0.3)
    (pcb_text_size 1.5 1.5)
    (mod_edge_width 0.15)
    (mod_text_size 1 1)
    (mod_text_width 0.15)
    (pad_size 1.524 1.524)
    (pad_drill 0.762)
    (pad_to_mask_clearance 0.051)
    (solder_mask_min_width 0.25)
    (aux_axis_origin 0 0)
    (visible_elements FFFFF77F)
    (pcbplotparams
      (layerselection 0x010fc_ffffffff)
      (usegerberextensions false)
      (usegerberattributes false)
      (usegerberadvancedattributes false)
      (creategerberjobfile false)
      (excludeedgelayer true)
      (linewidth 0.100000)
      (plotframeref false)
      (viasonmask false)
      (mode 1)
      (useauxorigin false)
      (hpglpennumber 1)
      (hpglpenspeed 20)
      (hpglpendiameter 15.000000)
      (psnegative false)
      (psa4output false)
      (plotreference true)
      (plotvalue true)
      (plotinvisibletext false)
      (padsonsilk false)
      (subtractmaskfromsilk false)
      (outputformat 1)
      (mirror false)
      (drillshape 1)
      (scaleselection 1)
      (outputdirectory ""))
  )

  (net 0 "")
  (net 1 GND)
  (net 2 VCC)
  (net 3 /OSC32_IN)
  (net 4 /OSC32_OUT)
  (net 5 /STM_RESET)
  (net 6 "Net-(D1-Pad2)")
  (net 7 "Net-(D2-Pad2)")
  (net 8 /BAT_MID)
  (net 9 /BOOT0)
  (net 10 "Net-(J2-Pad2)")
  (net 11 "Net-(J2-Pad4)")
  (net 12 "Net-(J2-Pad5)")
  (net 13 "Net-(J2-Pad6)")
  (net 14 /ANT)
  (net 15 /V_BAT)
  (net 16 /SWCLK)
  (net 17 /SWDIO)
  (net 18 /CONF0)
  (net 19 /CONF1)
  (net 20 /CONF2)
  (net 21 /CONF3)
  (net 22 /CONF4)
  (net 23 /PA11)
  (net 24 /PA12)
  (net 25 /I2C1_SCL)
  (net 26 /I2C1_SDA)
  (net 27 /CS_RFM69)
  (net 28 /CS_FLASH)
  (net 29 /USART2_TX)
  (net 30 /USART2_RX)
  (net 31 /PA15)
  (net 32 /LEDR)
  (net 33 /LEDG)
  (net 34 "Net-(R34-Pad1)")
  (net 35 "Net-(SW1-Pad2)")
  (net 36 "Net-(SW1-Pad4)")
  (net 37 /SPI1_MISO)
  (net 38 /SPI1_MOSI)
  (net 39 /SPI1_SCK)
  (net 40 "Net-(U1-Pad7)")
  (net 41 "Net-(U1-Pad11)")
  (net 42 "Net-(U1-Pad12)")
  (net 43 /RFM69_INT)
  (net 44 "Net-(U1-Pad15)")
  (net 45 "Net-(U1-Pad16)")
  (net 46 "Net-(J2-Pad3)")
  (net 47 /V_BAT_MID)

  (net_class Default "This is the default net class."
    (clearance 0.2)
    (trace_width 0.25)
    (via_dia 0.8)
    (via_drill 0.4)
    (uvia_dia 0.3)
    (uvia_drill 0.1)
    (add_net /ANT)
    (add_net /BAT_MID)
    (add_net /BOOT0)
    (add_net /CONF0)
    (add_net /CONF1)
    (add_net /CONF2)
    (add_net /CONF3)
    (add_net /CONF4)
    (add_net /CS_FLASH)
    (add_net /CS_RFM69)
    (add_net /I2C1_SCL)
    (add_net /I2C1_SDA)
    (add_net /LEDG)
    (add_net /LEDR)
    (add_net /OSC32_IN)
    (add_net /OSC32_OUT)
    (add_net /PA11)
    (add_net /PA12)
    (add_net /PA15)
    (add_net /RFM69_INT)
    (add_net /SPI1_MISO)
    (add_net /SPI1_MOSI)
    (add_net /SPI1_SCK)
    (add_net /STM_RESET)
    (add_net /SWCLK)
    (add_net /SWDIO)
    (add_net /USART2_RX)
    (add_net /USART2_TX)
    (add_net /V_BAT)
    (add_net /V_BAT_MID)
    (add_net "Net-(D1-Pad2)")
    (add_net "Net-(D2-Pad2)")
    (add_net "Net-(J2-Pad2)")
    (add_net "Net-(J2-Pad3)")
    (add_net "Net-(J2-Pad4)")
    (add_net "Net-(J2-Pad5)")
    (add_net "Net-(J2-Pad6)")
    (add_net "Net-(R34-Pad1)")
    (add_net "Net-(SW1-Pad2)")
    (add_net "Net-(SW1-Pad4)")
    (add_net "Net-(U1-Pad11)")
    (add_net "Net-(U1-Pad12)")
    (add_net "Net-(U1-Pad15)")
    (add_net "Net-(U1-Pad16)")
    (add_net "Net-(U1-Pad7)")
  )

  (net_class Power ""
    (clearance 0.2)
    (trace_width 0.35)
    (via_dia 1)
    (via_drill 0.5)
    (uvia_dia 0.3)
    (uvia_drill 0.1)
    (add_net GND)
    (add_net VCC)
  )

  (module Capacitor_SMD:C_0805_2012Metric_Pad1.15x1.40mm_HandSolder (layer F.Cu) (tedit 5B36C52B) (tstamp 5D29EA96)
    (at 97.372 110.499)
    (descr "Capacitor SMD 0805 (2012 Metric), square (rectangular) end terminal, IPC_7351 nominal with elongated pad for handsoldering. (Body size source: https://docs.google.com/spreadsheets/d/1BsfQQcO9C6DZCsRaXUlFlo91Tg2WpOkGARC1WS5S8t0/edit?usp=sharing), generated with kicad-footprint-generator")
    (tags "capacitor handsolder")
    (path /5CD811AE)
    (attr smd)
    (fp_text reference C6 (at 0 -1.65) (layer F.SilkS)
      (effects (font (size 1 1) (thickness 0.15)))
    )
    (fp_text value 100n (at 0 1.65) (layer F.Fab)
      (effects (font (size 1 1) (thickness 0.15)))
    )
    (fp_text user %R (at 0 0) (layer F.Fab)
      (effects (font (size 0.5 0.5) (thickness 0.08)))
    )
    (fp_line (start 1.85 0.95) (end -1.85 0.95) (layer F.CrtYd) (width 0.05))
    (fp_line (start 1.85 -0.95) (end 1.85 0.95) (layer F.CrtYd) (width 0.05))
    (fp_line (start -1.85 -0.95) (end 1.85 -0.95) (layer F.CrtYd) (width 0.05))
    (fp_line (start -1.85 0.95) (end -1.85 -0.95) (layer F.CrtYd) (width 0.05))
    (fp_line (start -0.261252 0.71) (end 0.261252 0.71) (layer F.SilkS) (width 0.12))
    (fp_line (start -0.261252 -0.71) (end 0.261252 -0.71) (layer F.SilkS) (width 0.12))
    (fp_line (start 1 0.6) (end -1 0.6) (layer F.Fab) (width 0.1))
    (fp_line (start 1 -0.6) (end 1 0.6) (layer F.Fab) (width 0.1))
    (fp_line (start -1 -0.6) (end 1 -0.6) (layer F.Fab) (width 0.1))
    (fp_line (start -1 0.6) (end -1 -0.6) (layer F.Fab) (width 0.1))
    (pad 2 smd roundrect (at 1.025 0) (size 1.15 1.4) (layers F.Cu F.Paste F.Mask) (roundrect_rratio 0.217391)
      (net 2 VCC))
    (pad 1 smd roundrect (at -1.025 0) (size 1.15 1.4) (layers F.Cu F.Paste F.Mask) (roundrect_rratio 0.217391)
      (net 1 GND))
    (model ${KISYS3DMOD}/Capacitor_SMD.3dshapes/C_0805_2012Metric.wrl
      (at (xyz 0 0 0))
      (scale (xyz 1 1 1))
      (rotate (xyz 0 0 0))
    )
  )

  (module Package_SO:SOIC-8_3.9x4.9mm_P1.27mm (layer F.Cu) (tedit 5A02F2D3) (tstamp 5D29EEB1)
    (at 99.03 116.041 270)
    (descr "8-Lead Plastic Small Outline (SN) - Narrow, 3.90 mm Body [SOIC] (see Microchip Packaging Specification http://ww1.microchip.com/downloads/en/PackagingSpec/00000049BQ.pdf)")
    (tags "SOIC 1.27")
    (path /5CD80CB9)
    (attr smd)
    (fp_text reference U3 (at 0 -3.5 270) (layer F.SilkS)
      (effects (font (size 1 1) (thickness 0.15)))
    )
    (fp_text value AT25DF512C (at 0 3.5 270) (layer F.Fab)
      (effects (font (size 1 1) (thickness 0.15)))
    )
    (fp_text user %R (at 0 0 270) (layer F.Fab)
      (effects (font (size 1 1) (thickness 0.15)))
    )
    (fp_line (start -0.95 -2.45) (end 1.95 -2.45) (layer F.Fab) (width 0.1))
    (fp_line (start 1.95 -2.45) (end 1.95 2.45) (layer F.Fab) (width 0.1))
    (fp_line (start 1.95 2.45) (end -1.95 2.45) (layer F.Fab) (width 0.1))
    (fp_line (start -1.95 2.45) (end -1.95 -1.45) (layer F.Fab) (width 0.1))
    (fp_line (start -1.95 -1.45) (end -0.95 -2.45) (layer F.Fab) (width 0.1))
    (fp_line (start -3.73 -2.7) (end -3.73 2.7) (layer F.CrtYd) (width 0.05))
    (fp_line (start 3.73 -2.7) (end 3.73 2.7) (layer F.CrtYd) (width 0.05))
    (fp_line (start -3.73 -2.7) (end 3.73 -2.7) (layer F.CrtYd) (width 0.05))
    (fp_line (start -3.73 2.7) (end 3.73 2.7) (layer F.CrtYd) (width 0.05))
    (fp_line (start -2.075 -2.575) (end -2.075 -2.525) (layer F.SilkS) (width 0.15))
    (fp_line (start 2.075 -2.575) (end 2.075 -2.43) (layer F.SilkS) (width 0.15))
    (fp_line (start 2.075 2.575) (end 2.075 2.43) (layer F.SilkS) (width 0.15))
    (fp_line (start -2.075 2.575) (end -2.075 2.43) (layer F.SilkS) (width 0.15))
    (fp_line (start -2.075 -2.575) (end 2.075 -2.575) (layer F.SilkS) (width 0.15))
    (fp_line (start -2.075 2.575) (end 2.075 2.575) (layer F.SilkS) (width 0.15))
    (fp_line (start -2.075 -2.525) (end -3.475 -2.525) (layer F.SilkS) (width 0.15))
    (pad 1 smd rect (at -2.7 -1.905 270) (size 1.55 0.6) (layers F.Cu F.Paste F.Mask)
      (net 28 /CS_FLASH))
    (pad 2 smd rect (at -2.7 -0.635 270) (size 1.55 0.6) (layers F.Cu F.Paste F.Mask)
      (net 37 /SPI1_MISO))
    (pad 3 smd rect (at -2.7 0.635 270) (size 1.55 0.6) (layers F.Cu F.Paste F.Mask)
      (net 2 VCC))
    (pad 4 smd rect (at -2.7 1.905 270) (size 1.55 0.6) (layers F.Cu F.Paste F.Mask)
      (net 1 GND))
    (pad 5 smd rect (at 2.7 1.905 270) (size 1.55 0.6) (layers F.Cu F.Paste F.Mask)
      (net 38 /SPI1_MOSI))
    (pad 6 smd rect (at 2.7 0.635 270) (size 1.55 0.6) (layers F.Cu F.Paste F.Mask)
      (net 39 /SPI1_SCK))
    (pad 7 smd rect (at 2.7 -0.635 270) (size 1.55 0.6) (layers F.Cu F.Paste F.Mask)
      (net 2 VCC))
    (pad 8 smd rect (at 2.7 -1.905 270) (size 1.55 0.6) (layers F.Cu F.Paste F.Mask)
      (net 2 VCC))
    (model ${KISYS3DMOD}/Package_SO.3dshapes/SOIC-8_3.9x4.9mm_P1.27mm.wrl
      (at (xyz 0 0 0))
      (scale (xyz 1 1 1))
      (rotate (xyz 0 0 0))
    )
  )

  (module Resistor_SMD:R_0805_2012Metric_Pad1.15x1.40mm_HandSolder (layer F.Cu) (tedit 5B36C52B) (tstamp 5D2BE7D9)
    (at 102.452 110.499 180)
    (descr "Resistor SMD 0805 (2012 Metric), square (rectangular) end terminal, IPC_7351 nominal with elongated pad for handsoldering. (Body size source: https://docs.google.com/spreadsheets/d/1BsfQQcO9C6DZCsRaXUlFlo91Tg2WpOkGARC1WS5S8t0/edit?usp=sharing), generated with kicad-footprint-generator")
    (tags "resistor handsolder")
    (path /5CFD7585)
    (attr smd)
    (fp_text reference R21 (at -0.009 1.905 180) (layer F.SilkS)
      (effects (font (size 1 1) (thickness 0.15)))
    )
    (fp_text value 100k (at 0 1.65 180) (layer F.Fab)
      (effects (font (size 1 1) (thickness 0.15)))
    )
    (fp_text user %R (at 0 0 180) (layer F.Fab)
      (effects (font (size 0.5 0.5) (thickness 0.08)))
    )
    (fp_line (start 1.85 0.95) (end -1.85 0.95) (layer F.CrtYd) (width 0.05))
    (fp_line (start 1.85 -0.95) (end 1.85 0.95) (layer F.CrtYd) (width 0.05))
    (fp_line (start -1.85 -0.95) (end 1.85 -0.95) (layer F.CrtYd) (width 0.05))
    (fp_line (start -1.85 0.95) (end -1.85 -0.95) (layer F.CrtYd) (width 0.05))
    (fp_line (start -0.261252 0.71) (end 0.261252 0.71) (layer F.SilkS) (width 0.12))
    (fp_line (start -0.261252 -0.71) (end 0.261252 -0.71) (layer F.SilkS) (width 0.12))
    (fp_line (start 1 0.6) (end -1 0.6) (layer F.Fab) (width 0.1))
    (fp_line (start 1 -0.6) (end 1 0.6) (layer F.Fab) (width 0.1))
    (fp_line (start -1 -0.6) (end 1 -0.6) (layer F.Fab) (width 0.1))
    (fp_line (start -1 0.6) (end -1 -0.6) (layer F.Fab) (width 0.1))
    (pad 2 smd roundrect (at 1.025 0 180) (size 1.15 1.4) (layers F.Cu F.Paste F.Mask) (roundrect_rratio 0.217391)
      (net 2 VCC))
    (pad 1 smd roundrect (at -1.025 0 180) (size 1.15 1.4) (layers F.Cu F.Paste F.Mask) (roundrect_rratio 0.217391)
      (net 28 /CS_FLASH))
    (model ${KISYS3DMOD}/Resistor_SMD.3dshapes/R_0805_2012Metric.wrl
      (at (xyz 0 0 0))
      (scale (xyz 1 1 1))
      (rotate (xyz 0 0 0))
    )
  )

  (module Capacitor_SMD:C_0805_2012Metric_Pad1.15x1.40mm_HandSolder (layer F.Cu) (tedit 5B36C52B) (tstamp 5D2C75EC)
    (at 54.848 118.539 90)
    (descr "Capacitor SMD 0805 (2012 Metric), square (rectangular) end terminal, IPC_7351 nominal with elongated pad for handsoldering. (Body size source: https://docs.google.com/spreadsheets/d/1BsfQQcO9C6DZCsRaXUlFlo91Tg2WpOkGARC1WS5S8t0/edit?usp=sharing), generated with kicad-footprint-generator")
    (tags "capacitor handsolder")
    (path /5CD821F6)
    (attr smd)
    (fp_text reference C1 (at -0.025 1.814 90) (layer F.SilkS)
      (effects (font (size 1 1) (thickness 0.15)))
    )
    (fp_text value 100n (at 0 1.65 90) (layer F.Fab)
      (effects (font (size 1 1) (thickness 0.15)))
    )
    (fp_line (start -1 0.6) (end -1 -0.6) (layer F.Fab) (width 0.1))
    (fp_line (start -1 -0.6) (end 1 -0.6) (layer F.Fab) (width 0.1))
    (fp_line (start 1 -0.6) (end 1 0.6) (layer F.Fab) (width 0.1))
    (fp_line (start 1 0.6) (end -1 0.6) (layer F.Fab) (width 0.1))
    (fp_line (start -0.261252 -0.71) (end 0.261252 -0.71) (layer F.SilkS) (width 0.12))
    (fp_line (start -0.261252 0.71) (end 0.261252 0.71) (layer F.SilkS) (width 0.12))
    (fp_line (start -1.85 0.95) (end -1.85 -0.95) (layer F.CrtYd) (width 0.05))
    (fp_line (start -1.85 -0.95) (end 1.85 -0.95) (layer F.CrtYd) (width 0.05))
    (fp_line (start 1.85 -0.95) (end 1.85 0.95) (layer F.CrtYd) (width 0.05))
    (fp_line (start 1.85 0.95) (end -1.85 0.95) (layer F.CrtYd) (width 0.05))
    (fp_text user %R (at 0 0 90) (layer F.Fab)
      (effects (font (size 0.5 0.5) (thickness 0.08)))
    )
    (pad 1 smd roundrect (at -1.025 0 90) (size 1.15 1.4) (layers F.Cu F.Paste F.Mask) (roundrect_rratio 0.217391)
      (net 1 GND))
    (pad 2 smd roundrect (at 1.025 0 90) (size 1.15 1.4) (layers F.Cu F.Paste F.Mask) (roundrect_rratio 0.217391)
      (net 2 VCC))
    (model ${KISYS3DMOD}/Capacitor_SMD.3dshapes/C_0805_2012Metric.wrl
      (at (xyz 0 0 0))
      (scale (xyz 1 1 1))
      (rotate (xyz 0 0 0))
    )
  )

  (module Capacitor_SMD:C_0805_2012Metric_Pad1.15x1.40mm_HandSolder (layer F.Cu) (tedit 5B36C52B) (tstamp 5D2C79FA)
    (at 59.465 103.451 180)
    (descr "Capacitor SMD 0805 (2012 Metric), square (rectangular) end terminal, IPC_7351 nominal with elongated pad for handsoldering. (Body size source: https://docs.google.com/spreadsheets/d/1BsfQQcO9C6DZCsRaXUlFlo91Tg2WpOkGARC1WS5S8t0/edit?usp=sharing), generated with kicad-footprint-generator")
    (tags "capacitor handsolder")
    (path /5D2A1EAF)
    (attr smd)
    (fp_text reference C2 (at -0.05 1.905) (layer F.SilkS)
      (effects (font (size 1 1) (thickness 0.15)))
    )
    (fp_text value 100n (at 0 1.65 180) (layer F.Fab)
      (effects (font (size 1 1) (thickness 0.15)))
    )
    (fp_text user %R (at 0 0 180) (layer F.Fab)
      (effects (font (size 0.5 0.5) (thickness 0.08)))
    )
    (fp_line (start 1.85 0.95) (end -1.85 0.95) (layer F.CrtYd) (width 0.05))
    (fp_line (start 1.85 -0.95) (end 1.85 0.95) (layer F.CrtYd) (width 0.05))
    (fp_line (start -1.85 -0.95) (end 1.85 -0.95) (layer F.CrtYd) (width 0.05))
    (fp_line (start -1.85 0.95) (end -1.85 -0.95) (layer F.CrtYd) (width 0.05))
    (fp_line (start -0.261252 0.71) (end 0.261252 0.71) (layer F.SilkS) (width 0.12))
    (fp_line (start -0.261252 -0.71) (end 0.261252 -0.71) (layer F.SilkS) (width 0.12))
    (fp_line (start 1 0.6) (end -1 0.6) (layer F.Fab) (width 0.1))
    (fp_line (start 1 -0.6) (end 1 0.6) (layer F.Fab) (width 0.1))
    (fp_line (start -1 -0.6) (end 1 -0.6) (layer F.Fab) (width 0.1))
    (fp_line (start -1 0.6) (end -1 -0.6) (layer F.Fab) (width 0.1))
    (pad 2 smd roundrect (at 1.025 0 180) (size 1.15 1.4) (layers F.Cu F.Paste F.Mask) (roundrect_rratio 0.217391)
      (net 2 VCC))
    (pad 1 smd roundrect (at -1.025 0 180) (size 1.15 1.4) (layers F.Cu F.Paste F.Mask) (roundrect_rratio 0.217391)
      (net 1 GND))
    (model ${KISYS3DMOD}/Capacitor_SMD.3dshapes/C_0805_2012Metric.wrl
      (at (xyz 0 0 0))
      (scale (xyz 1 1 1))
      (rotate (xyz 0 0 0))
    )
  )

  (module Capacitor_SMD:C_0805_2012Metric_Pad1.15x1.40mm_HandSolder (layer F.Cu) (tedit 5B36C52B) (tstamp 5D2C7124)
    (at 46.883 115.389 270)
    (descr "Capacitor SMD 0805 (2012 Metric), square (rectangular) end terminal, IPC_7351 nominal with elongated pad for handsoldering. (Body size source: https://docs.google.com/spreadsheets/d/1BsfQQcO9C6DZCsRaXUlFlo91Tg2WpOkGARC1WS5S8t0/edit?usp=sharing), generated with kicad-footprint-generator")
    (tags "capacitor handsolder")
    (path /5D2A1F2B)
    (attr smd)
    (fp_text reference C3 (at 0 1.905 270) (layer F.SilkS)
      (effects (font (size 1 1) (thickness 0.15)))
    )
    (fp_text value 100n (at 0 1.65 270) (layer F.Fab)
      (effects (font (size 1 1) (thickness 0.15)))
    )
    (fp_line (start -1 0.6) (end -1 -0.6) (layer F.Fab) (width 0.1))
    (fp_line (start -1 -0.6) (end 1 -0.6) (layer F.Fab) (width 0.1))
    (fp_line (start 1 -0.6) (end 1 0.6) (layer F.Fab) (width 0.1))
    (fp_line (start 1 0.6) (end -1 0.6) (layer F.Fab) (width 0.1))
    (fp_line (start -0.261252 -0.71) (end 0.261252 -0.71) (layer F.SilkS) (width 0.12))
    (fp_line (start -0.261252 0.71) (end 0.261252 0.71) (layer F.SilkS) (width 0.12))
    (fp_line (start -1.85 0.95) (end -1.85 -0.95) (layer F.CrtYd) (width 0.05))
    (fp_line (start -1.85 -0.95) (end 1.85 -0.95) (layer F.CrtYd) (width 0.05))
    (fp_line (start 1.85 -0.95) (end 1.85 0.95) (layer F.CrtYd) (width 0.05))
    (fp_line (start 1.85 0.95) (end -1.85 0.95) (layer F.CrtYd) (width 0.05))
    (fp_text user %R (at 0 0 270) (layer F.Fab)
      (effects (font (size 0.5 0.5) (thickness 0.08)))
    )
    (pad 1 smd roundrect (at -1.025 0 270) (size 1.15 1.4) (layers F.Cu F.Paste F.Mask) (roundrect_rratio 0.217391)
      (net 1 GND))
    (pad 2 smd roundrect (at 1.025 0 270) (size 1.15 1.4) (layers F.Cu F.Paste F.Mask) (roundrect_rratio 0.217391)
      (net 2 VCC))
    (model ${KISYS3DMOD}/Capacitor_SMD.3dshapes/C_0805_2012Metric.wrl
      (at (xyz 0 0 0))
      (scale (xyz 1 1 1))
      (rotate (xyz 0 0 0))
    )
  )

  (module Capacitor_SMD:C_0805_2012Metric_Pad1.15x1.40mm_HandSolder (layer F.Cu) (tedit 5B36C52B) (tstamp 5D29EA5D)
    (at 111.753 129.954 180)
    (descr "Capacitor SMD 0805 (2012 Metric), square (rectangular) end terminal, IPC_7351 nominal with elongated pad for handsoldering. (Body size source: https://docs.google.com/spreadsheets/d/1BsfQQcO9C6DZCsRaXUlFlo91Tg2WpOkGARC1WS5S8t0/edit?usp=sharing), generated with kicad-footprint-generator")
    (tags "capacitor handsolder")
    (path /5CD81F83)
    (attr smd)
    (fp_text reference C4 (at 0 -1.65 180) (layer F.SilkS)
      (effects (font (size 1 1) (thickness 0.15)))
    )
    (fp_text value 100n (at 0 1.65 180) (layer F.Fab)
      (effects (font (size 1 1) (thickness 0.15)))
    )
    (fp_text user %R (at 0 0 180) (layer F.Fab)
      (effects (font (size 0.5 0.5) (thickness 0.08)))
    )
    (fp_line (start 1.85 0.95) (end -1.85 0.95) (layer F.CrtYd) (width 0.05))
    (fp_line (start 1.85 -0.95) (end 1.85 0.95) (layer F.CrtYd) (width 0.05))
    (fp_line (start -1.85 -0.95) (end 1.85 -0.95) (layer F.CrtYd) (width 0.05))
    (fp_line (start -1.85 0.95) (end -1.85 -0.95) (layer F.CrtYd) (width 0.05))
    (fp_line (start -0.261252 0.71) (end 0.261252 0.71) (layer F.SilkS) (width 0.12))
    (fp_line (start -0.261252 -0.71) (end 0.261252 -0.71) (layer F.SilkS) (width 0.12))
    (fp_line (start 1 0.6) (end -1 0.6) (layer F.Fab) (width 0.1))
    (fp_line (start 1 -0.6) (end 1 0.6) (layer F.Fab) (width 0.1))
    (fp_line (start -1 -0.6) (end 1 -0.6) (layer F.Fab) (width 0.1))
    (fp_line (start -1 0.6) (end -1 -0.6) (layer F.Fab) (width 0.1))
    (pad 2 smd roundrect (at 1.025 0 180) (size 1.15 1.4) (layers F.Cu F.Paste F.Mask) (roundrect_rratio 0.217391)
      (net 2 VCC))
    (pad 1 smd roundrect (at -1.025 0 180) (size 1.15 1.4) (layers F.Cu F.Paste F.Mask) (roundrect_rratio 0.217391)
      (net 1 GND))
    (model ${KISYS3DMOD}/Capacitor_SMD.3dshapes/C_0805_2012Metric.wrl
      (at (xyz 0 0 0))
      (scale (xyz 1 1 1))
      (rotate (xyz 0 0 0))
    )
  )

  (module Capacitor_SMD:CP_Elec_6.3x5.3 (layer F.Cu) (tedit 5BCA39D0) (tstamp 5D29EA85)
    (at 113.748 122.539 90)
    (descr "SMD capacitor, aluminum electrolytic, Cornell Dubilier, 6.3x5.3mm")
    (tags "capacitor electrolytic")
    (path /5DEC8EEA)
    (attr smd)
    (fp_text reference C5 (at 0 5.5 90) (layer F.SilkS)
      (effects (font (size 1 1) (thickness 0.15)))
    )
    (fp_text value 100u (at 0 4.35 90) (layer F.Fab)
      (effects (font (size 1 1) (thickness 0.15)))
    )
    (fp_text user %R (at 0 0 90) (layer F.Fab)
      (effects (font (size 1 1) (thickness 0.15)))
    )
    (fp_line (start -4.8 1.05) (end -3.55 1.05) (layer F.CrtYd) (width 0.05))
    (fp_line (start -4.8 -1.05) (end -4.8 1.05) (layer F.CrtYd) (width 0.05))
    (fp_line (start -3.55 -1.05) (end -4.8 -1.05) (layer F.CrtYd) (width 0.05))
    (fp_line (start -3.55 1.05) (end -3.55 2.4) (layer F.CrtYd) (width 0.05))
    (fp_line (start -3.55 -2.4) (end -3.55 -1.05) (layer F.CrtYd) (width 0.05))
    (fp_line (start -3.55 -2.4) (end -2.4 -3.55) (layer F.CrtYd) (width 0.05))
    (fp_line (start -3.55 2.4) (end -2.4 3.55) (layer F.CrtYd) (width 0.05))
    (fp_line (start -2.4 -3.55) (end 3.55 -3.55) (layer F.CrtYd) (width 0.05))
    (fp_line (start -2.4 3.55) (end 3.55 3.55) (layer F.CrtYd) (width 0.05))
    (fp_line (start 3.55 1.05) (end 3.55 3.55) (layer F.CrtYd) (width 0.05))
    (fp_line (start 4.8 1.05) (end 3.55 1.05) (layer F.CrtYd) (width 0.05))
    (fp_line (start 4.8 -1.05) (end 4.8 1.05) (layer F.CrtYd) (width 0.05))
    (fp_line (start 3.55 -1.05) (end 4.8 -1.05) (layer F.CrtYd) (width 0.05))
    (fp_line (start 3.55 -3.55) (end 3.55 -1.05) (layer F.CrtYd) (width 0.05))
    (fp_line (start -4.04375 -2.24125) (end -4.04375 -1.45375) (layer F.SilkS) (width 0.12))
    (fp_line (start -4.4375 -1.8475) (end -3.65 -1.8475) (layer F.SilkS) (width 0.12))
    (fp_line (start -3.41 2.345563) (end -2.345563 3.41) (layer F.SilkS) (width 0.12))
    (fp_line (start -3.41 -2.345563) (end -2.345563 -3.41) (layer F.SilkS) (width 0.12))
    (fp_line (start -3.41 -2.345563) (end -3.41 -1.06) (layer F.SilkS) (width 0.12))
    (fp_line (start -3.41 2.345563) (end -3.41 1.06) (layer F.SilkS) (width 0.12))
    (fp_line (start -2.345563 3.41) (end 3.41 3.41) (layer F.SilkS) (width 0.12))
    (fp_line (start -2.345563 -3.41) (end 3.41 -3.41) (layer F.SilkS) (width 0.12))
    (fp_line (start 3.41 -3.41) (end 3.41 -1.06) (layer F.SilkS) (width 0.12))
    (fp_line (start 3.41 3.41) (end 3.41 1.06) (layer F.SilkS) (width 0.12))
    (fp_line (start -2.389838 -1.645) (end -2.389838 -1.015) (layer F.Fab) (width 0.1))
    (fp_line (start -2.704838 -1.33) (end -2.074838 -1.33) (layer F.Fab) (width 0.1))
    (fp_line (start -3.3 2.3) (end -2.3 3.3) (layer F.Fab) (width 0.1))
    (fp_line (start -3.3 -2.3) (end -2.3 -3.3) (layer F.Fab) (width 0.1))
    (fp_line (start -3.3 -2.3) (end -3.3 2.3) (layer F.Fab) (width 0.1))
    (fp_line (start -2.3 3.3) (end 3.3 3.3) (layer F.Fab) (width 0.1))
    (fp_line (start -2.3 -3.3) (end 3.3 -3.3) (layer F.Fab) (width 0.1))
    (fp_line (start 3.3 -3.3) (end 3.3 3.3) (layer F.Fab) (width 0.1))
    (fp_circle (center 0 0) (end 3.15 0) (layer F.Fab) (width 0.1))
    (pad 2 smd roundrect (at 2.8 0 90) (size 3.5 1.6) (layers F.Cu F.Paste F.Mask) (roundrect_rratio 0.15625)
      (net 1 GND))
    (pad 1 smd roundrect (at -2.8 0 90) (size 3.5 1.6) (layers F.Cu F.Paste F.Mask) (roundrect_rratio 0.15625)
      (net 2 VCC))
    (model ${KISYS3DMOD}/Capacitor_SMD.3dshapes/CP_Elec_6.3x5.3.wrl
      (at (xyz 0 0 0))
      (scale (xyz 1 1 1))
      (rotate (xyz 0 0 0))
    )
  )

  (module Capacitor_SMD:C_0805_2012Metric_Pad1.15x1.40mm_HandSolder (layer F.Cu) (tedit 5B36C52B) (tstamp 5D2C7655)
    (at 32.127 82.986 90)
    (descr "Capacitor SMD 0805 (2012 Metric), square (rectangular) end terminal, IPC_7351 nominal with elongated pad for handsoldering. (Body size source: https://docs.google.com/spreadsheets/d/1BsfQQcO9C6DZCsRaXUlFlo91Tg2WpOkGARC1WS5S8t0/edit?usp=sharing), generated with kicad-footprint-generator")
    (tags "capacitor handsolder")
    (path /5CD81DCA)
    (attr smd)
    (fp_text reference C7 (at 0 -1.65 90) (layer F.SilkS)
      (effects (font (size 1 1) (thickness 0.15)))
    )
    (fp_text value 100n (at 0 1.65 90) (layer F.Fab)
      (effects (font (size 1 1) (thickness 0.15)))
    )
    (fp_line (start -1 0.6) (end -1 -0.6) (layer F.Fab) (width 0.1))
    (fp_line (start -1 -0.6) (end 1 -0.6) (layer F.Fab) (width 0.1))
    (fp_line (start 1 -0.6) (end 1 0.6) (layer F.Fab) (width 0.1))
    (fp_line (start 1 0.6) (end -1 0.6) (layer F.Fab) (width 0.1))
    (fp_line (start -0.261252 -0.71) (end 0.261252 -0.71) (layer F.SilkS) (width 0.12))
    (fp_line (start -0.261252 0.71) (end 0.261252 0.71) (layer F.SilkS) (width 0.12))
    (fp_line (start -1.85 0.95) (end -1.85 -0.95) (layer F.CrtYd) (width 0.05))
    (fp_line (start -1.85 -0.95) (end 1.85 -0.95) (layer F.CrtYd) (width 0.05))
    (fp_line (start 1.85 -0.95) (end 1.85 0.95) (layer F.CrtYd) (width 0.05))
    (fp_line (start 1.85 0.95) (end -1.85 0.95) (layer F.CrtYd) (width 0.05))
    (fp_text user %R (at 0 0 90) (layer F.Fab)
      (effects (font (size 0.5 0.5) (thickness 0.08)))
    )
    (pad 1 smd roundrect (at -1.025 0 90) (size 1.15 1.4) (layers F.Cu F.Paste F.Mask) (roundrect_rratio 0.217391)
      (net 1 GND))
    (pad 2 smd roundrect (at 1.025 0 90) (size 1.15 1.4) (layers F.Cu F.Paste F.Mask) (roundrect_rratio 0.217391)
      (net 2 VCC))
    (model ${KISYS3DMOD}/Capacitor_SMD.3dshapes/C_0805_2012Metric.wrl
      (at (xyz 0 0 0))
      (scale (xyz 1 1 1))
      (rotate (xyz 0 0 0))
    )
  )

  (module Capacitor_SMD:C_0805_2012Metric_Pad1.15x1.40mm_HandSolder (layer F.Cu) (tedit 5B36C52B) (tstamp 5D2C76EB)
    (at 49.373 123.039 90)
    (descr "Capacitor SMD 0805 (2012 Metric), square (rectangular) end terminal, IPC_7351 nominal with elongated pad for handsoldering. (Body size source: https://docs.google.com/spreadsheets/d/1BsfQQcO9C6DZCsRaXUlFlo91Tg2WpOkGARC1WS5S8t0/edit?usp=sharing), generated with kicad-footprint-generator")
    (tags "capacitor handsolder")
    (path /5CD87672)
    (attr smd)
    (fp_text reference C12 (at 0 -1.65 90) (layer F.SilkS)
      (effects (font (size 1 1) (thickness 0.15)))
    )
    (fp_text value C (at 0 1.65 90) (layer F.Fab)
      (effects (font (size 1 1) (thickness 0.15)))
    )
    (fp_text user %R (at 0 0 90) (layer F.Fab)
      (effects (font (size 0.5 0.5) (thickness 0.08)))
    )
    (fp_line (start 1.85 0.95) (end -1.85 0.95) (layer F.CrtYd) (width 0.05))
    (fp_line (start 1.85 -0.95) (end 1.85 0.95) (layer F.CrtYd) (width 0.05))
    (fp_line (start -1.85 -0.95) (end 1.85 -0.95) (layer F.CrtYd) (width 0.05))
    (fp_line (start -1.85 0.95) (end -1.85 -0.95) (layer F.CrtYd) (width 0.05))
    (fp_line (start -0.261252 0.71) (end 0.261252 0.71) (layer F.SilkS) (width 0.12))
    (fp_line (start -0.261252 -0.71) (end 0.261252 -0.71) (layer F.SilkS) (width 0.12))
    (fp_line (start 1 0.6) (end -1 0.6) (layer F.Fab) (width 0.1))
    (fp_line (start 1 -0.6) (end 1 0.6) (layer F.Fab) (width 0.1))
    (fp_line (start -1 -0.6) (end 1 -0.6) (layer F.Fab) (width 0.1))
    (fp_line (start -1 0.6) (end -1 -0.6) (layer F.Fab) (width 0.1))
    (pad 2 smd roundrect (at 1.025 0 90) (size 1.15 1.4) (layers F.Cu F.Paste F.Mask) (roundrect_rratio 0.217391)
      (net 3 /OSC32_IN))
    (pad 1 smd roundrect (at -1.025 0 90) (size 1.15 1.4) (layers F.Cu F.Paste F.Mask) (roundrect_rratio 0.217391)
      (net 1 GND))
    (model ${KISYS3DMOD}/Capacitor_SMD.3dshapes/C_0805_2012Metric.wrl
      (at (xyz 0 0 0))
      (scale (xyz 1 1 1))
      (rotate (xyz 0 0 0))
    )
  )

  (module Capacitor_SMD:C_0805_2012Metric_Pad1.15x1.40mm_HandSolder (layer F.Cu) (tedit 5B36C52B) (tstamp 5D2C70EE)
    (at 52.073 123.039 270)
    (descr "Capacitor SMD 0805 (2012 Metric), square (rectangular) end terminal, IPC_7351 nominal with elongated pad for handsoldering. (Body size source: https://docs.google.com/spreadsheets/d/1BsfQQcO9C6DZCsRaXUlFlo91Tg2WpOkGARC1WS5S8t0/edit?usp=sharing), generated with kicad-footprint-generator")
    (tags "capacitor handsolder")
    (path /5CD878C7)
    (attr smd)
    (fp_text reference C13 (at 0 -1.65 270) (layer F.SilkS)
      (effects (font (size 1 1) (thickness 0.15)))
    )
    (fp_text value C (at 0 1.65 270) (layer F.Fab)
      (effects (font (size 1 1) (thickness 0.15)))
    )
    (fp_line (start -1 0.6) (end -1 -0.6) (layer F.Fab) (width 0.1))
    (fp_line (start -1 -0.6) (end 1 -0.6) (layer F.Fab) (width 0.1))
    (fp_line (start 1 -0.6) (end 1 0.6) (layer F.Fab) (width 0.1))
    (fp_line (start 1 0.6) (end -1 0.6) (layer F.Fab) (width 0.1))
    (fp_line (start -0.261252 -0.71) (end 0.261252 -0.71) (layer F.SilkS) (width 0.12))
    (fp_line (start -0.261252 0.71) (end 0.261252 0.71) (layer F.SilkS) (width 0.12))
    (fp_line (start -1.85 0.95) (end -1.85 -0.95) (layer F.CrtYd) (width 0.05))
    (fp_line (start -1.85 -0.95) (end 1.85 -0.95) (layer F.CrtYd) (width 0.05))
    (fp_line (start 1.85 -0.95) (end 1.85 0.95) (layer F.CrtYd) (width 0.05))
    (fp_line (start 1.85 0.95) (end -1.85 0.95) (layer F.CrtYd) (width 0.05))
    (fp_text user %R (at 0 0 270) (layer F.Fab)
      (effects (font (size 0.5 0.5) (thickness 0.08)))
    )
    (pad 1 smd roundrect (at -1.025 0 270) (size 1.15 1.4) (layers F.Cu F.Paste F.Mask) (roundrect_rratio 0.217391)
      (net 4 /OSC32_OUT))
    (pad 2 smd roundrect (at 1.025 0 270) (size 1.15 1.4) (layers F.Cu F.Paste F.Mask) (roundrect_rratio 0.217391)
      (net 1 GND))
    (model ${KISYS3DMOD}/Capacitor_SMD.3dshapes/C_0805_2012Metric.wrl
      (at (xyz 0 0 0))
      (scale (xyz 1 1 1))
      (rotate (xyz 0 0 0))
    )
  )

  (module Capacitor_SMD:C_0805_2012Metric_Pad1.15x1.40mm_HandSolder (layer F.Cu) (tedit 5B36C52B) (tstamp 5D2C7997)
    (at 58.041 128.72)
    (descr "Capacitor SMD 0805 (2012 Metric), square (rectangular) end terminal, IPC_7351 nominal with elongated pad for handsoldering. (Body size source: https://docs.google.com/spreadsheets/d/1BsfQQcO9C6DZCsRaXUlFlo91Tg2WpOkGARC1WS5S8t0/edit?usp=sharing), generated with kicad-footprint-generator")
    (tags "capacitor handsolder")
    (path /5CD8102B)
    (attr smd)
    (fp_text reference C14 (at -3 0 90) (layer F.SilkS)
      (effects (font (size 1 1) (thickness 0.15)))
    )
    (fp_text value 10n (at 0 1.65) (layer F.Fab)
      (effects (font (size 1 1) (thickness 0.15)))
    )
    (fp_line (start -1 0.6) (end -1 -0.6) (layer F.Fab) (width 0.1))
    (fp_line (start -1 -0.6) (end 1 -0.6) (layer F.Fab) (width 0.1))
    (fp_line (start 1 -0.6) (end 1 0.6) (layer F.Fab) (width 0.1))
    (fp_line (start 1 0.6) (end -1 0.6) (layer F.Fab) (width 0.1))
    (fp_line (start -0.261252 -0.71) (end 0.261252 -0.71) (layer F.SilkS) (width 0.12))
    (fp_line (start -0.261252 0.71) (end 0.261252 0.71) (layer F.SilkS) (width 0.12))
    (fp_line (start -1.85 0.95) (end -1.85 -0.95) (layer F.CrtYd) (width 0.05))
    (fp_line (start -1.85 -0.95) (end 1.85 -0.95) (layer F.CrtYd) (width 0.05))
    (fp_line (start 1.85 -0.95) (end 1.85 0.95) (layer F.CrtYd) (width 0.05))
    (fp_line (start 1.85 0.95) (end -1.85 0.95) (layer F.CrtYd) (width 0.05))
    (fp_text user %R (at 0 0) (layer F.Fab)
      (effects (font (size 0.5 0.5) (thickness 0.08)))
    )
    (pad 1 smd roundrect (at -1.025 0) (size 1.15 1.4) (layers F.Cu F.Paste F.Mask) (roundrect_rratio 0.217391)
      (net 1 GND))
    (pad 2 smd roundrect (at 1.025 0) (size 1.15 1.4) (layers F.Cu F.Paste F.Mask) (roundrect_rratio 0.217391)
      (net 5 /STM_RESET))
    (model ${KISYS3DMOD}/Capacitor_SMD.3dshapes/C_0805_2012Metric.wrl
      (at (xyz 0 0 0))
      (scale (xyz 1 1 1))
      (rotate (xyz 0 0 0))
    )
  )

  (module Capacitor_SMD:CP_Elec_6.3x5.3 (layer F.Cu) (tedit 5BCA39D0) (tstamp 5D29EB46)
    (at 14 26 270)
    (descr "SMD capacitor, aluminum electrolytic, Cornell Dubilier, 6.3x5.3mm")
    (tags "capacitor electrolytic")
    (path /5CE1224B)
    (attr smd)
    (fp_text reference C15 (at 0 -4.35 270) (layer F.SilkS)
      (effects (font (size 1 1) (thickness 0.15)))
    )
    (fp_text value 100u (at 0 4.35 270) (layer F.Fab)
      (effects (font (size 1 1) (thickness 0.15)))
    )
    (fp_circle (center 0 0) (end 3.15 0) (layer F.Fab) (width 0.1))
    (fp_line (start 3.3 -3.3) (end 3.3 3.3) (layer F.Fab) (width 0.1))
    (fp_line (start -2.3 -3.3) (end 3.3 -3.3) (layer F.Fab) (width 0.1))
    (fp_line (start -2.3 3.3) (end 3.3 3.3) (layer F.Fab) (width 0.1))
    (fp_line (start -3.3 -2.3) (end -3.3 2.3) (layer F.Fab) (width 0.1))
    (fp_line (start -3.3 -2.3) (end -2.3 -3.3) (layer F.Fab) (width 0.1))
    (fp_line (start -3.3 2.3) (end -2.3 3.3) (layer F.Fab) (width 0.1))
    (fp_line (start -2.704838 -1.33) (end -2.074838 -1.33) (layer F.Fab) (width 0.1))
    (fp_line (start -2.389838 -1.645) (end -2.389838 -1.015) (layer F.Fab) (width 0.1))
    (fp_line (start 3.41 3.41) (end 3.41 1.06) (layer F.SilkS) (width 0.12))
    (fp_line (start 3.41 -3.41) (end 3.41 -1.06) (layer F.SilkS) (width 0.12))
    (fp_line (start -2.345563 -3.41) (end 3.41 -3.41) (layer F.SilkS) (width 0.12))
    (fp_line (start -2.345563 3.41) (end 3.41 3.41) (layer F.SilkS) (width 0.12))
    (fp_line (start -3.41 2.345563) (end -3.41 1.06) (layer F.SilkS) (width 0.12))
    (fp_line (start -3.41 -2.345563) (end -3.41 -1.06) (layer F.SilkS) (width 0.12))
    (fp_line (start -3.41 -2.345563) (end -2.345563 -3.41) (layer F.SilkS) (width 0.12))
    (fp_line (start -3.41 2.345563) (end -2.345563 3.41) (layer F.SilkS) (width 0.12))
    (fp_line (start -4.4375 -1.8475) (end -3.65 -1.8475) (layer F.SilkS) (width 0.12))
    (fp_line (start -4.04375 -2.24125) (end -4.04375 -1.45375) (layer F.SilkS) (width 0.12))
    (fp_line (start 3.55 -3.55) (end 3.55 -1.05) (layer F.CrtYd) (width 0.05))
    (fp_line (start 3.55 -1.05) (end 4.8 -1.05) (layer F.CrtYd) (width 0.05))
    (fp_line (start 4.8 -1.05) (end 4.8 1.05) (layer F.CrtYd) (width 0.05))
    (fp_line (start 4.8 1.05) (end 3.55 1.05) (layer F.CrtYd) (width 0.05))
    (fp_line (start 3.55 1.05) (end 3.55 3.55) (layer F.CrtYd) (width 0.05))
    (fp_line (start -2.4 3.55) (end 3.55 3.55) (layer F.CrtYd) (width 0.05))
    (fp_line (start -2.4 -3.55) (end 3.55 -3.55) (layer F.CrtYd) (width 0.05))
    (fp_line (start -3.55 2.4) (end -2.4 3.55) (layer F.CrtYd) (width 0.05))
    (fp_line (start -3.55 -2.4) (end -2.4 -3.55) (layer F.CrtYd) (width 0.05))
    (fp_line (start -3.55 -2.4) (end -3.55 -1.05) (layer F.CrtYd) (width 0.05))
    (fp_line (start -3.55 1.05) (end -3.55 2.4) (layer F.CrtYd) (width 0.05))
    (fp_line (start -3.55 -1.05) (end -4.8 -1.05) (layer F.CrtYd) (width 0.05))
    (fp_line (start -4.8 -1.05) (end -4.8 1.05) (layer F.CrtYd) (width 0.05))
    (fp_line (start -4.8 1.05) (end -3.55 1.05) (layer F.CrtYd) (width 0.05))
    (fp_text user %R (at 0 0 270) (layer F.Fab)
      (effects (font (size 1 1) (thickness 0.15)))
    )
    (pad 1 smd roundrect (at -2.8 0 270) (size 3.5 1.6) (layers F.Cu F.Paste F.Mask) (roundrect_rratio 0.15625)
      (net 2 VCC))
    (pad 2 smd roundrect (at 2.8 0 270) (size 3.5 1.6) (layers F.Cu F.Paste F.Mask) (roundrect_rratio 0.15625)
      (net 1 GND))
    (model ${KISYS3DMOD}/Capacitor_SMD.3dshapes/CP_Elec_6.3x5.3.wrl
      (at (xyz 0 0 0))
      (scale (xyz 1 1 1))
      (rotate (xyz 0 0 0))
    )
  )

  (module LED_SMD:LED_0805_2012Metric_Pad1.15x1.40mm_HandSolder (layer F.Cu) (tedit 5B4B45C9) (tstamp 5D2C78AC)
    (at 56 154.5)
    (descr "LED SMD 0805 (2012 Metric), square (rectangular) end terminal, IPC_7351 nominal, (Body size source: https://docs.google.com/spreadsheets/d/1BsfQQcO9C6DZCsRaXUlFlo91Tg2WpOkGARC1WS5S8t0/edit?usp=sharing), generated with kicad-footprint-generator")
    (tags "LED handsolder")
    (path /5CE7A4C1)
    (attr smd)
    (fp_text reference D1 (at 3 0) (layer F.SilkS)
      (effects (font (size 1 1) (thickness 0.15)))
    )
    (fp_text value KP-2012LSURCK (at 0 1.65) (layer F.Fab)
      (effects (font (size 1 1) (thickness 0.15)))
    )
    (fp_text user %R (at 0 0) (layer F.Fab)
      (effects (font (size 0.5 0.5) (thickness 0.08)))
    )
    (fp_line (start 1.85 0.95) (end -1.85 0.95) (layer F.CrtYd) (width 0.05))
    (fp_line (start 1.85 -0.95) (end 1.85 0.95) (layer F.CrtYd) (width 0.05))
    (fp_line (start -1.85 -0.95) (end 1.85 -0.95) (layer F.CrtYd) (width 0.05))
    (fp_line (start -1.85 0.95) (end -1.85 -0.95) (layer F.CrtYd) (width 0.05))
    (fp_line (start -1.86 0.96) (end 1 0.96) (layer F.SilkS) (width 0.12))
    (fp_line (start -1.86 -0.96) (end -1.86 0.96) (layer F.SilkS) (width 0.12))
    (fp_line (start 1 -0.96) (end -1.86 -0.96) (layer F.SilkS) (width 0.12))
    (fp_line (start 1 0.6) (end 1 -0.6) (layer F.Fab) (width 0.1))
    (fp_line (start -1 0.6) (end 1 0.6) (layer F.Fab) (width 0.1))
    (fp_line (start -1 -0.3) (end -1 0.6) (layer F.Fab) (width 0.1))
    (fp_line (start -0.7 -0.6) (end -1 -0.3) (layer F.Fab) (width 0.1))
    (fp_line (start 1 -0.6) (end -0.7 -0.6) (layer F.Fab) (width 0.1))
    (pad 2 smd roundrect (at 1.025 0) (size 1.15 1.4) (layers F.Cu F.Paste F.Mask) (roundrect_rratio 0.217391)
      (net 6 "Net-(D1-Pad2)"))
    (pad 1 smd roundrect (at -1.025 0) (size 1.15 1.4) (layers F.Cu F.Paste F.Mask) (roundrect_rratio 0.217391)
      (net 1 GND))
    (model ${KISYS3DMOD}/LED_SMD.3dshapes/LED_0805_2012Metric.wrl
      (at (xyz 0 0 0))
      (scale (xyz 1 1 1))
      (rotate (xyz 0 0 0))
    )
  )

  (module LED_SMD:LED_0805_2012Metric_Pad1.15x1.40mm_HandSolder (layer F.Cu) (tedit 5B4B45C9) (tstamp 5D2C72E2)
    (at 51 154.5)
    (descr "LED SMD 0805 (2012 Metric), square (rectangular) end terminal, IPC_7351 nominal, (Body size source: https://docs.google.com/spreadsheets/d/1BsfQQcO9C6DZCsRaXUlFlo91Tg2WpOkGARC1WS5S8t0/edit?usp=sharing), generated with kicad-footprint-generator")
    (tags "LED handsolder")
    (path /5CE64770)
    (attr smd)
    (fp_text reference D2 (at -3 0) (layer F.SilkS)
      (effects (font (size 1 1) (thickness 0.15)))
    )
    (fp_text value KP-2012LSGC (at 0 1.65) (layer F.Fab)
      (effects (font (size 1 1) (thickness 0.15)))
    )
    (fp_line (start 1 -0.6) (end -0.7 -0.6) (layer F.Fab) (width 0.1))
    (fp_line (start -0.7 -0.6) (end -1 -0.3) (layer F.Fab) (width 0.1))
    (fp_line (start -1 -0.3) (end -1 0.6) (layer F.Fab) (width 0.1))
    (fp_line (start -1 0.6) (end 1 0.6) (layer F.Fab) (width 0.1))
    (fp_line (start 1 0.6) (end 1 -0.6) (layer F.Fab) (width 0.1))
    (fp_line (start 1 -0.96) (end -1.86 -0.96) (layer F.SilkS) (width 0.12))
    (fp_line (start -1.86 -0.96) (end -1.86 0.96) (layer F.SilkS) (width 0.12))
    (fp_line (start -1.86 0.96) (end 1 0.96) (layer F.SilkS) (width 0.12))
    (fp_line (start -1.85 0.95) (end -1.85 -0.95) (layer F.CrtYd) (width 0.05))
    (fp_line (start -1.85 -0.95) (end 1.85 -0.95) (layer F.CrtYd) (width 0.05))
    (fp_line (start 1.85 -0.95) (end 1.85 0.95) (layer F.CrtYd) (width 0.05))
    (fp_line (start 1.85 0.95) (end -1.85 0.95) (layer F.CrtYd) (width 0.05))
    (fp_text user %R (at 0 0) (layer F.Fab)
      (effects (font (size 0.5 0.5) (thickness 0.08)))
    )
    (pad 1 smd roundrect (at -1.025 0) (size 1.15 1.4) (layers F.Cu F.Paste F.Mask) (roundrect_rratio 0.217391)
      (net 1 GND))
    (pad 2 smd roundrect (at 1.025 0) (size 1.15 1.4) (layers F.Cu F.Paste F.Mask) (roundrect_rratio 0.217391)
      (net 7 "Net-(D2-Pad2)"))
    (model ${KISYS3DMOD}/LED_SMD.3dshapes/LED_0805_2012Metric.wrl
      (at (xyz 0 0 0))
      (scale (xyz 1 1 1))
      (rotate (xyz 0 0 0))
    )
  )

  (module Diode_SMD:D_SOD-123 (layer F.Cu) (tedit 58645DC7) (tstamp 5D29EB85)
    (at 117 28 180)
    (descr SOD-123)
    (tags SOD-123)
    (path /5DF5C846)
    (attr smd)
    (fp_text reference D3 (at 0 -2 180) (layer F.SilkS)
      (effects (font (size 1 1) (thickness 0.15)))
    )
    (fp_text value 1N4148W (at 0 2.1 180) (layer F.Fab)
      (effects (font (size 1 1) (thickness 0.15)))
    )
    (fp_text user %R (at 0 -2 180) (layer F.Fab)
